-0.0300
-0.2500
0.0015
0.3520
0.2233
-0.4229
-0.0843
-0.1128
0.2369
-0.4073
-0.0348
-0.2294
0.2457
-0.4379
0.0245
0.3815
-0.1012
-0.0011
-0.0333
0.5639
-0.3311
0.8080
-0.3188
0.8153
-0.0353
-0.0569
0.2812
-0.4082
0.0414
0.4265
0.0011
-0.0992
-0.0133
-0.0681
-0.0105
0.5498
-0.2886
0.8613
-0.3188
0.9247
-0.0067
0.6100
0.0556
0.4869
0.2940
-0.3347
-0.0420
0.0188
0.2814
-0.2880
0.0244
0.5270
0.0355
0.4663
0.3169
-0.4070
0.0637
0.4274
-0.0189
-0.1151
-0.0250
-0.0667
-0.0028
-0.0633
0.0372
-0.1257
0.0706
0.4528
-0.2789
0.8294
-0.3241
0.8932
-0.0507
0.0142
-0.2468
0.7122
-0.2628
0.7157
0.0324
0.3844
-0.0360
-0.0858
0.0102
0.4241
-0.3017
0.7484
-0.2973
0.6974
-0.0796
-0.0639
0.2540
-0.4011
0.0140
0.4690
-0.0753
0.6714
0.1608
-0.1492
-0.1174
0.0694
-0.3207
0.7797
-0.3013
0.7112
-0.0273
0.4668
0.0217
0.3732
-0.2765
0.6367
0.2736
-0.4883
-0.2148
0.5802
-0.0071
-0.1925
-0.2566
0.6509
-0.2259
0.5938
0.0115
-0.1683
0.2031
-0.2209
-0.0339
0.5227
-0.0635
-0.1030
-0.0555
-0.1145
0.0305
0.3596
-0.2754
0.6497
0.2944
-0.5022
-0.2027
0.5568
0.0133
-0.2044
0.2556
-0.4787
0.0708
0.2341
0.0300
-0.3041
-0.0385
-0.1958
-0.0027
0.3548
0.2273
-0.4647
0.0248
0.2337
-0.0519
-0.2391
-0.0744
-0.2222
-0.0766
-0.1613
-0.0876
-0.1186
-0.0326
0.3429
-0.3359
0.6679
0.1657
-0.2908
-0.3076
0.6677
-0.0301
-0.2125
0.2743
-0.5640
0.0749
0.1636
0.0063
-0.3144
0.1218
0.1193
-0.2388
0.5356
-0.2825
0.6721
-0.0524
-0.1484
0.2332
-0.4607
0.0297
0.2862
-0.0406
-0.1254
-0.0291
-0.1627
-0.0175
0.4353
-0.2876
0.7484
-0.2862
0.7330
-0.0256
0.5163
-0.1061
0.0615
-0.0802
-0.0392
-0.0325
0.5025
0.1836
-0.2664
-0.0501
-0.0409
-0.2686
0.7016
0.2453
-0.3435
-0.2790
0.7282
-0.0739
0.0487
0.2644
-0.3126
0.0116
0.5001
-0.0339
-0.0078
-0.0546
-0.0004
-0.0106
0.5359
0.2638
-0.3591
-0.0038
0.5112
-0.0681
-0.0030
-0.0661
0.0484
-0.0671
0.0699
-0.0312
-0.0356
0.0136
0.5139
-0.3048
0.8222
-0.2704
0.7422
0.0083
0.5091
-0.0573
0.0503
-0.0271
0.5986
0.2457
-0.2509
-0.0180
0.6007
0.0663
0.4152
-0.2419
0.7287
0.2696
-0.3282
-0.2769
0.7977
-0.0095
-0.0424
0.2633
-0.2899
0.0296
-0.1269
0.3119
-0.3793
0.0063
-0.0094
-0.2791
0.8894
0.2318
-0.1477
-0.2885
0.9386
0.0680
0.5064
0.0385
0.5261
0.2849
-0.2591
0.0141
0.5756
0.0210
0.5562
-0.2769
0.9017
-0.2920
0.8734
-0.0617
0.0532
-0.3223
0.9023
0.2030
-0.0979
-0.3088
0.8763
0.0150
0.5237
-0.0278
0.6017
-0.3581
0.9096
0.2144
-0.3249
-0.3248
0.7570
0.0016
0.4106
-0.0098
0.4330
-0.2950
0.7222
-0.2838
0.6564
0.0010
0.3352
0.0321
0.2879
0.2692
-0.5083
0.0251
0.2967
-0.0344
-0.2404
0.0156
-0.3064
-0.0209
-0.2111
-0.0538
-0.1643
0.0233
0.2782
-0.3226
0.6315
0.1981
-0.4477
-0.2688
0.5619
0.0279
-0.3090
0.2872
-0.5238
0.0203
0.2796
-0.0537
-0.1429
0.0192
0.3762
-0.2827
0.6422
0.2007
-0.3525
-0.3552
0.7819
-0.0379
-0.0794
-0.2657
0.6908
0.2608
-0.3731
-0.2812
0.6895
-0.0286
-0.1382
-0.2034
0.5079
-0.2425
0.5144
0.0097
-0.2772
0.3209
-0.6041
0.0506
0.2379
0.0817
0.1460
0.2721
-0.5670
-0.0309
-0.2256
-0.3058
0.6299
-0.2691
0.5647
0.0581
0.2450
0.0110
-0.3462
0.0729
0.1172
-0.2272
0.4086
-0.1914
0.3875
0.0011
-0.3029
-0.2819
0.6055
-0.2820
0.6553
0.0108
0.3477
0.0439
0.2244
0.2427
-0.4772
-0.0653
-0.2228
0.3002
-0.6330
0.0582
0.1479
0.0580
0.0928
0.2755
-0.6337
0.0316
0.2545
-0.0313
-0.2763
-0.0361
-0.1854
-0.0838
-0.1081
-0.0584
-0.1522
0.0397
0.2666
-0.2326
0.4872
-0.2038
0.4439
0.0721
0.1828
-0.0466
-0.1463
-0.0438
-0.1210
-0.0097
0.3766
0.2348
-0.3741
-0.0402
-0.1024
-0.2500
0.6253
0.2996
-0.4743
-0.1873
0.5336
0.1297
0.1721
0.0797
0.2282
-0.1984
0.4281
-0.2729
0.6189
0.0277
0.2793
0.0194
0.2935
0.2635
-0.5124
-0.0039
0.3635
-0.0504
-0.1287
-0.0177
-0.2163
-0.0631
-0.1405
-0.0753
-0.1245
0.0138
0.3225
-0.2838
0.7039
-0.3229
0.7674
-0.0808
0.6430
-0.1003
0.0167
-0.0211
0.4820
0.2248
-0.3091
0.0069
0.4508
-0.0252
0.5728
-0.3209
0.8748
0.1859
-0.1177
-0.3572
0.9898
-0.0306
0.5653
-0.0378
0.5329
0.1689
-0.2190
-0.0620
0.5750
-0.0463
0.5383
-0.3230
0.7789
-0.3222
0.7178
-0.0452
-0.1541
0.2683
-0.4835
0.0226
0.3389
0.0244
0.3353
0.2808
-0.4408
-0.0571
-0.0290
-0.3136
0.7853
-0.2846
0.7035
0.0268
0.3459
0.0231
0.3842
-0.3008
0.7202
0.2502
-0.3234
-0.3091
0.7834
-0.0663
-0.0421
-0.3372
0.8144
-0.3606
0.8014
-0.0856
-0.1595
0.2349
-0.5265
0.0230
0.1847
0.0031
-0.4735
-0.0070
-0.4605
0.0538
0.0624
-0.2348
0.3432
0.2928
-0.7854
-0.2612
0.2816
0.0215
-0.5883
0.3425
-0.9427
0.0904
-0.1111
0.0403
-0.6454
0.0068
-0.5487
0.1119
-0.0795
0.3057
-0.8146
0.0383
-0.0067
-0.0206
-0.5264
0.0116
-0.6201
0.0148
-0.6067
0.0594
-0.7111
0.0910
-0.1530
-0.2128
0.2083
-0.2628
0.2584
0.0546
-0.0711
-0.0266
-0.4871
0.0637
-0.0756
0.3170
-0.8819
0.0881
-0.1260
0.1078
-0.1774
-0.2211
0.2388
0.3056
-0.9240
-0.2158
0.0859
0.0160
-0.6673
0.3191
-0.9437
-0.0035
-0.6194
0.3252
-0.9067
0.0513
-0.6376
-0.2201
0.1722
0.2883
-0.8250
-0.2726
0.3032
0.0585
0.0188
0.0772
-0.0282
0.2636
-0.8128
0.0245
-0.0266
0.0128
0.0060
-0.3053
0.3283
-0.3581
0.4378
-0.0811
-0.4274
-0.2905
0.3705
0.2812
-0.7870
-0.2632
0.3573
0.0347
0.0857
0.0071
0.1555
-0.2615
0.3744
0.2441
-0.6514
-0.2501
0.3706
0.0430
0.1036
0.0601
0.0558
-0.2734
0.4177
-0.2896
0.4542
0.0282
0.1040
-0.0132
0.1906
0.2136
-0.5685
-0.0283
0.2659
-0.1254
-0.1313
-0.0629
-0.2542
-0.0272
-0.2744
-0.0616
-0.1691
0.0092
0.3327
-0.3158
0.6077
-0.3433
0.6836
-0.0778
-0.1416
0.2547
-0.5425
0.0584
0.1788
0.0033
-0.3110
-0.0112
-0.3653
0.1275
-0.0610
-0.1793
0.2338
-0.2529
0.4293
0.0553
0.1159
-0.0407
-0.3226
-0.0215
-0.3503
0.0732
0.0936
0.3350
-0.7500
0.0219
-0.3990
-0.2526
0.4967
-0.2315
0.4185
-0.0032
-0.3769
-0.2339
0.4402
-0.2421
0.4404
0.0453
0.2034
-0.0182
-0.3241
0.0218
0.2433
-0.2590
0.5897
-0.2597
0.5558
0.0077
0.3333
-0.0195
0.3892
-0.3635
0.7876
-0.3174
0.7016
0.0172
0.3486
-0.0403
-0.1669
0.0114
0.3416
0.2362
-0.4505
0.0153
0.3054
-0.0078
-0.2661
0.0248
-0.3163
0.0185
-0.3170
0.0321
-0.3375
0.1419
0.0433
-0.1822
0.4276
-0.2478
0.5285
0.0241
0.1841
-0.0929
-0.1840
-0.0616
-0.2511
-0.0087
0.2496
0.2540
-0.6036
-0.0103
-0.3492
-0.2734
0.4694
0.2373
-0.5489
-0.2860
0.5242
0.0245
0.2158
-0.0305
0.3084
-0.3238
0.5481
-0.3487
0.6185
-0.0768
0.4049
-0.0473
0.3321
0.2474
-0.6193
-0.0076
0.1951
-0.0320
-0.3579
0.0009
-0.4104
0.0468
-0.4636
0.0163
-0.3660
0.0479
0.2120
-0.2742
0.5459
-0.2794
0.5811
-0.0598
-0.1750
-0.3177
0.6720
-0.2983
0.6028
0.0535
0.1819
-0.0314
-0.2386
0.0427
0.2575
-0.2721
0.6091
-0.2936
0.6415
0.0013
-0.2331
-0.2039
0.5329
0.3191
-0.5647
0.3336
-0.6177
-0.1788
0.4632
0.0260
-0.3056
-0.2529
0.6188
-0.2673
0.6691
-0.0001
-0.1822
-0.2388
0.6118
0.3005
-0.4752
-0.1896
0.4481
0.0632
0.2738
0.0415
0.2860
-0.3058
0.6406
-0.2636
0.6161
0.0269
0.3627
-0.0125
0.3763
-0.3268
0.7387
0.2080
-0.3168
-0.3141
0.7132
0.0103
0.3835
0.0376
0.3086
0.3043
-0.5188
0.0594
0.3304
-0.0028
-0.1712
0.0306
-0.2744
0.0299
-0.3052
0.0284
-0.3274
0.0134
-0.2599
0.0719
0.3017
0.2605
-0.3845
0.0235
-0.1814
-0.2143
0.5928
-0.2472
0.6732
-0.0209
-0.0690
0.2853
-0.4600
0.0810
0.2737
0.0858
0.2976
0.2662
-0.4252
0.0087
0.4615
-0.0405
-0.0439
-0.0661
0.0474
-0.0581
0.0557
-0.0809
0.0764
0.0077
0.4929
-0.3147
0.9055
-0.3162
0.8765
-0.0018
0.5943
-0.0545
0.0768
-0.0703
0.1573
-0.0745
0.8266
0.1548
0.0273
-0.1141
0.2857
-0.3423
1.0159
-0.3277
0.9733
-0.0404
0.0564
-0.2457
0.7775
0.2388
-0.1943
-0.3079
0.9227
-0.0041
0.5864
-0.0094
0.6003
-0.3036
0.8746
-0.2676
0.8375
0.0448
0.5712
0.0036
0.6178
0.2047
-0.0289
-0.0409
0.8010
-0.1249
0.3069
-0.1270
0.3083
-0.0535
0.8378
0.2305
-0.0534
-0.0067
0.7675
-0.0409
0.1979
-0.0225
0.1714
-0.1004
0.3116
-0.0410
0.2284
0.0208
0.6674
0.2474
-0.0865
0.0027
0.7164
0.0106
0.7078
0.2643
-0.1410
-0.0051
0.6615
0.0180
0.6002
0.2625
-0.2057
0.0197
0.6131
-0.0314
0.6370
0.2054
-0.1485
-0.0353
0.6038
-0.0716
0.0679
-0.0584
0.0205
-0.0690
0.0170
-0.0589
0.0130
0.0422
0.4720
-0.2350
0.7347
-0.2328
0.7030
0.0260
-0.1016
0.2994
-0.3524
0.0205
0.5519
-0.0614
0.1212
-0.0721
0.1443
-0.0609
0.7503
-0.3704
1.0596
-0.3088
0.8892
-0.0436
0.7016
-0.1140
0.2254
-0.0836
0.1081
0.0220
0.4631
0.2872
-0.3925
-0.0727
0.0806
-0.2763
0.7618
0.3194
-0.4357
-0.2365
0.6974
-0.0078
-0.1145
-0.2391
0.6819
-0.2417
0.7239
0.0463
0.4402
-0.0130
0.5531
-0.3039
0.8016
-0.3048
0.7819
0.0187
0.4293
0.0275
0.3894
0.2813
-0.4206
0.0181
-0.1947
0.2664
-0.3980
0.0302
0.4110
0.0360
0.3698
0.3562
-0.5746
0.0855
0.2497
0.0149
-0.3024
0.0254
-0.3467
0.0198
-0.2936
-0.0017
-0.2380
0.0336
0.3048
-0.2626
0.5927
-0.2286
0.5190
0.1737
-0.0306
0.1547
-0.6100
0.1800
-0.0483
0.4102
-0.8501
0.1512
-0.0046
0.1900
-0.1073
-0.1645
0.2757
0.3790
-0.8394
-0.1985
0.3617
0.0279
-0.4527
0.3204
-0.7379
0.0565
-0.5376
0.3919
-0.9689
0.0493
-0.6010
-0.2375
0.3029
0.3019
-0.8079
-0.2277
0.2407
0.1189
-0.1302
0.1195
-0.1261
0.3443
-0.8760
0.0932
-0.0262
0.0413
0.0381
-0.2194
0.2244
-0.2059
0.2381
0.0227
-0.5366
-0.2573
0.3303
0.2785
-0.7805
-0.2920
0.4039
-0.0006
0.0864
0.0332
0.0449
-0.2879
0.3620
-0.3253
0.4504
-0.0437
0.1441
-0.0312
0.1047
0.1610
-0.6120
-0.1216
-0.2797
0.1905
-0.5496
-0.1363
-0.2030
-0.3597
0.6143
-0.3065
0.5196
0.0831
0.0095
0.0920
0.0335
0.3039
-0.6606
0.0372
0.2436
-0.0594
-0.2314
-0.0142
-0.3370
0.0099
0.2470
0.2487
-0.5734
0.0256
0.2278
-0.0403
-0.2691
0.0251
-0.3608
0.0300
-0.3648
0.0253
-0.3028
0.0784
0.1965
-0.2296
0.5575
0.3333
-0.5768
-0.2625
0.6057
0.0570
0.3379
0.0144
0.4579
-0.2623
0.7332
-0.2540
0.6792
-0.0053
-0.0752
-0.2838
0.7734
-0.3003
0.8532
-0.0366
0.0067
-0.2847
0.8316
0.2817
-0.3329
0.2937
-0.3447
-0.2366
0.6720
0.0580
0.4039
0.0443
0.3732
0.2935
-0.4769
0.0183
0.3394
-0.0256
-0.1873
-0.0358
-0.0984
-0.0413
-0.1075
0.0061
-0.2001
0.0806
0.2479
-0.2386
0.5564
0.3085
-0.6212
-0.2163
0.4714
-0.0068
-0.2279
-0.2729
0.6239
-0.2818
0.6029
0.0223
0.3107
-0.0598
0.4662
-0.3524
0.7218
-0.3893
0.7666
-0.0525
0.4704
-0.0353
0.4075
0.1571
-0.2850
-0.0812
-0.0994
0.2361
-0.3868
-0.0875
-0.0414
-0.2806
0.6845
0.2846
-0.4547
-0.2897
0.6679
0.0199
0.3388
0.0003
0.4070
0.2296
-0.4093
-0.0371
0.4721
-0.0167
0.4335
-0.2660
0.6724
0.2464
-0.3200
0.2171
-0.2785
-0.3465
0.8567
-0.0829
0.6463
-0.0886
0.6908
0.1868
-0.2026
-0.0442
0.5229
-0.0494
0.5643
0.1971
-0.1778
-0.0555
0.0162
-0.2454
0.6656
-0.2404
0.5794
0.0375
0.3371
-0.0597
-0.0837
-0.0660
-0.0604
0.0485
0.3413
0.3308
-0.5391
0.0499
0.3699
-0.0433
-0.1028
-0.0752
-0.0559
-0.0868
-0.0734
-0.0361
-0.1917
0.0179
0.2841
-0.3154
0.6302
0.2494
-0.4568
-0.2095
0.3966
0.0281
-0.3420
-0.2217
0.4605
-0.2430
0.5056
-0.0024
0.3309
-0.0439
0.4577
-0.3638
0.8310
-0.3794
0.8800
-0.0269
0.4454
-0.0015
0.3682
0.2911
-0.5297
0.0077
-0.2898
0.3098
-0.5856
-0.0167
-0.2416
-0.2743
0.6045
0.2812
-0.6013
-0.2949
0.5838
-0.0122
0.2920
-0.0141
0.3221
0.2027
-0.4256
-0.0274
0.2975
0.0115
0.2369
-0.2994
0.5220
0.2426
-0.5417
0.3052
-0.6773
-0.2375
0.4879
0.0433
0.1898
0.0516
0.1791
0.2737
-0.5548
0.0648
0.1363
0.0001
0.2784
0.2567
-0.4956
0.0615
0.2033
-0.0476
-0.1839
-0.0272
-0.1594
-0.0426
-0.0866
0.0160
-0.1888
0.0532
0.3287
-0.2285
0.6279
-0.2202
0.6393
0.0602
0.3797
-0.0092
-0.1065
0.0304
0.4369
0.2893
-0.3576
0.0389
0.4535
0.0427
0.4388
-0.2326
0.7310
0.3253
-0.3822
-0.2118
0.7309
0.0756
0.3891
0.0808
0.3493
0.2836
-0.3633
0.0375
0.4928
0.0250
0.5289
-0.2686
0.7589
-0.3042
0.8330
-0.0623
0.0195
0.2185
-0.2574
-0.0467
0.6096
0.0038
0.5527
0.1954
-0.2115
-0.0673
-0.0298
-0.3672
0.8816
-0.3432
0.8231
-0.0273
0.4895
-0.0503
0.5512
-0.3386
0.7950
0.2036
-0.3239
-0.3120
0.7210
-0.0210
-0.2120
-0.2404
0.5545
-0.2242
0.5377
0.0047
-0.2332
0.2915
-0.5085
0.0147
0.3281
-0.0383
-0.2097
-0.0799
-0.1166
-0.0025
0.3433
-0.3425
0.7514
0.2490
-0.4616
-0.2450
0.5802
-0.0528
-0.1068
0.2219
-0.3700
0.0051
0.3714
-0.0419
-0.1535
0.0435
0.2495
-0.2215
0.4738
-0.2007
0.4892
0.0573
-0.3428
-0.1737
0.4281
-0.1740
0.4470
0.1387
0.0964
0.0961
-0.5041
0.1177
0.0499
-0.1823
0.3329
0.3530
-0.7874
0.3145
-0.7615
-0.2499
0.4383
0.0235
0.2291
-0.0014
0.2372
0.2024
-0.4907
0.0073
0.2219
0.0484
0.1397
0.2822
-0.6397
-0.0843
-0.2451
-0.2890
0.5175
0.2617
-0.6513
-0.2584
0.4542
0.0253
0.2042
-0.0409
-0.3220
0.0211
0.1751
0.2499
-0.5773
0.0254
0.1546
0.0005
-0.3993
0.0108
-0.4425
-0.0357
-0.4135
0.0080
-0.4550
0.0953
0.0313
0.3137
-0.6849
0.0272
0.2843
0.0228
0.2629
0.2710
-0.5190
0.1057
0.1306
0.0897
0.2160
0.2771
-0.5215
0.0672
0.2668
0.0728
0.2592
0.2585
-0.3399
-0.0187
0.5312
-0.1099
0.0646
-0.0812
0.0010
-0.0619
0.0042
-0.0540
-0.0563
-0.0308
0.5055
-0.2886
0.7340
-0.3067
0.7948
-0.1061
0.0841
0.1953
-0.2279
-0.0372
0.5624
-0.0833
0.0419
-0.0719
0.0199
-0.0110
0.4539
-0.2796
0.7371
-0.3344
0.8547
0.0283
0.3725
-0.0187
-0.0272
0.0047
-0.1020
0.0652
0.3560
0.2869
-0.4437
-0.0157
-0.1358
-0.2472
0.6523
0.2674
-0.4169
-0.2306
0.5344
0.0093
-0.2696
-0.2510
0.5451
-0.2169
0.4650
0.1448
0.1156
0.1050
0.2029
-0.1941
0.4944
-0.1903
0.4729
0.0868
0.2691
0.1025
0.2468
0.3573
-0.6391
0.0555
-0.3583
0.3513
-0.6516
0.1170
0.1420
0.1164
0.1288
0.3142
-0.6749
0.0835
0.1480
-0.0256
-0.2798
0.0030
-0.3312
-0.0441
-0.2645
0.0085
-0.3584
0.0785
0.0905
-0.1805
0.3278
0.3409
-0.7176
-0.2110
0.4197
0.1128
0.0797
0.1109
0.1012
-0.2253
0.4837
-0.2677
0.5968
-0.0496
-0.2025
-0.2313
0.5332
-0.2425
0.6152
0.0146
0.3641
0.0015
0.3667
0.2807
-0.5199
-0.0972
-0.0570
0.2231
-0.4359
-0.0150
-0.2615
-0.2409
0.4855
-0.2740
0.5067
0.0058
0.2004
0.0199
0.1738
0.2958
-0.6826
0.0026
-0.4119
0.3166
-0.7417
0.0356
-0.4938
-0.2297
0.3676
-0.3070
0.5712
-0.1135
-0.1496
-0.3288
0.5864
0.2493
-0.5880
-0.2987
0.5234
-0.0137
0.2809
-0.0949
-0.1210
-0.0076
0.2923
0.2751
-0.5922
0.0551
0.1620
0.0340
-0.4196
-0.0329
-0.3061
-0.0496
-0.2529
-0.0083
-0.3300
0.0387
0.1792
-0.2537
0.5351
0.2548
-0.4473
-0.2836
0.6643
-0.0351
-0.1781
0.2814
-0.4801
0.0444
0.2629
0.0129
-0.3413
0.0396
0.2127
-0.2420
0.4067
-0.2434
0.4020
0.0227
-0.5052
0.2811
-0.7892
0.0640
-0.0405
0.0121
-0.6413
-0.0257
-0.5982
0.0118
-0.0574
-0.3260
0.3648
-0.2848
0.2500
-0.0501
-0.5692
0.2753
-0.9965
0.0462
-0.1500
0.0577
-0.1642
0.2820
-0.9345
0.0015
-0.7318
-0.2148
0.0259
-0.1890
-0.0063
0.0364
-0.7232
-0.1785
0.0578
0.3177
-0.9679
-0.2526
0.2348
0.0078
0.0160
-0.0004
0.0728
-0.2815
0.2709
-0.2797
0.3007
0.0505
-0.0057
0.0539
0.0266
-0.2582
0.3311
0.2686
-0.7700
-0.2611
0.2586
-0.0380
-0.5208
-0.2552
0.2155
0.2892
-0.7963
-0.1863
0.1379
0.0698
-0.0939
0.0176
0.0667
-0.2765
0.3369
-0.2951
0.3763
-0.0147
0.1494
-0.0308
0.2117
0.1983
-0.5401
-0.0064
0.2366
-0.0750
-0.2029
-0.0650
-0.1855
-0.0415
-0.2480
-0.0754
-0.1613
0.0051
0.3171
-0.2535
0.5100
0.2656
-0.5547
0.2932
-0.5894
-0.2246
0.4345
0.1179
0.1065
0.1189
0.1074
0.3619
-0.7024
0.0663
-0.3981
-0.1707
0.4124
-0.1676
0.4193
0.0202
-0.2422
-0.2505
0.6236
0.3019
-0.4937
0.2973
-0.4819
-0.2736
0.6902
0.0144
-0.1856
-0.2540
0.6249
0.2841
-0.5396
-0.2242
0.4958
0.0169
-0.3690
0.2900
-0.5882
-0.0296
-0.2331
0.3178
-0.6176
0.0654
0.2083
0.1084
0.1027
0.3401
-0.6906
0.0542
0.1806
0.0184
-0.3396
0.0314
-0.3117
0.0632
-0.3750
0.0252
-0.3237
0.0579
0.2379
-0.2491
0.5909
0.2653
-0.4349
-0.2733
0.6299
-0.0590
-0.1269
-0.2480
0.6047
0.2960
-0.5375
-0.2558
0.5701
-0.0339
-0.1850
-0.2759
0.6514
-0.2271
0.5352
-0.0413
-0.1768
-0.2472
0.5671
0.2945
-0.5242
0.2363
-0.4167
-0.3328
0.7473
-0.0898
-0.0514
-0.3422
0.7102
0.2491
-0.4360
-0.3028
0.6930
-0.0381
-0.1611
0.2614
-0.4678
-0.0565
-0.1864
0.2761
-0.5181
-0.0303
-0.2214
-0.2640
0.5714
-0.2759
0.6348
-0.0953
-0.0168
-0.3703
0.8508
-0.3517
0.8091
-0.0436
0.4440
-0.1024
-0.0517
0.0046
0.3708
-0.2682
0.6258
-0.2366
0.4940
0.0532
0.2292
0.0319
0.3265
0.2009
-0.3917
-0.0539
0.4423
-0.1002
-0.0219
-0.1111
0.0239
-0.0386
0.5183
0.2031
-0.2975
-0.0214
0.4137
-0.0760
-0.1434
-0.0655
-0.1267
-0.0619
-0.1614
-0.0408
-0.2350
0.0605
0.2002
-0.2800
0.5547
-0.3484
0.7336
-0.0640
-0.1595
-0.2958
0.6508
0.2710
-0.5768
-0.2592
0.5055
0.0326
0.2255
0.0249
0.2562
-0.2494
0.5713
-0.2811
0.6581
-0.0594
-0.0461
-0.2895
0.7377
0.2096
-0.3750
0.2595
-0.4935
-0.2778
0.5704
-0.0603
-0.1999
-0.3147
0.6596
0.2241
-0.3558
-0.2743
0.6381
-0.0769
-0.0403
0.2206
-0.3764
-0.0023
0.4247
-0.0664
-0.1270
-0.0564
-0.1258
0.0069
0.3952
0.1630
-0.2478
-0.0384
0.4667
-0.1612
0.1405
-0.0931
-0.0114
-0.0821
-0.0515
-0.0610
-0.0390
0.0506
0.3516
-0.2561
0.6627
-0.2186
0.5491
0.0166
0.3632
-0.0521
-0.1406
-0.0224
0.3774
0.2699
-0.5628
0.0540
0.1230
0.0262
0.2047
-0.2607
0.4780
-0.2902
0.5364
0.0286
0.2623
0.0571
0.2043
0.2889
-0.5278
-0.0367
-0.2193
0.2652
-0.4902
0.0123
-0.2914
-0.2795
0.6034
-0.3167
0.7245
-0.0844
-0.0576
-0.3034
0.7123
-0.2625
0.6431
-0.0420
0.4904
-0.0871
-0.0302
-0.0594
0.5850
-0.3475
0.8143
-0.3385
0.8114
-0.0709
-0.0854
0.2045
-0.3487
0.0384
0.2577
0.0306
0.2081
0.2383
-0.5117
-0.0959
-0.1972
-0.2900
0.5035
-0.3183
0.5791
-0.0202
0.3352
-0.0775
0.5094
0.2018
-0.4251
-0.0839
-0.1263
0.2727
-0.4793
-0.0648
-0.1105
-0.2755
0.6161
0.2601
-0.4519
-0.2998
0.6677
-0.0260
-0.1679
-0.3364
0.7834
-0.2634
0.6300
0.0392
0.2962
0.0545
0.3101
-0.2816
0.6302
-0.2385
0.5744
0.0773
0.2141
0.0347
0.3246
0.3017
-0.5634
-0.0089
-0.2749
0.2275
-0.4621
0.0266
0.2228
0.0493
0.2041
0.2395
-0.5130
-0.0774
-0.2059
-0.2916
0.5414
0.2550
-0.5432
-0.3179
0.5926
-0.0031
0.2323
-0.0460
-0.3052
0.0032
0.1928
0.2170
-0.5547
-0.0869
-0.2456
-0.3176
0.4665
0.3037
-0.8167
-0.2476
0.3846
0.0771
0.0801
0.0152
-0.5218
0.0562
0.0319
0.2893
-0.7512
0.0176
-0.4878
-0.2503
0.3295
0.3507
-0.8536
-0.2373
0.3270
0.1102
-0.0432
-0.0066
-0.5063
0.0680
-0.0364
0.3305
-0.9020
0.0719
-0.0631
0.0113
-0.5757
-0.0087
-0.5133
-0.0072
-0.5470
0.0213
-0.5454
0.0625
0.0469
0.3265
-0.7552
0.0701
0.1245
0.0303
-0.4195
-0.0023
-0.4262
-0.0111
-0.4668
0.0356
0.0890
0.2701
-0.7368
-0.0228
-0.4670
-0.2515
0.3044
0.2910
-0.8324
-0.2569
0.2699
0.0045
-0.4427
0.2946
-0.7622
0.0936
-0.0514
0.0284
-0.5903
0.0385
0.0398
-0.2634
0.3507
0.2881
-0.7190
-0.2472
0.4224
-0.0682
-0.2303
0.2477
-0.5529
0.0181
0.2506
-0.0511
-0.2383
0.0512
0.2008
-0.2369
0.4542
-0.2833
0.5244
0.0297
0.2064
-0.0368
-0.3002
-0.0773
-0.2279
-0.0200
0.2783
0.2670
-0.5869
-0.0640
-0.2028
-0.2960
0.6146
-0.3437
0.7380
-0.0182
0.3434
-0.0628
-0.1800
0.0303
0.2833
-0.2651
0.5685
-0.3076
0.6331
-0.1087
-0.0673
-0.3387
0.6541
-0.3561
0.6552
-0.1122
-0.1642
0.2268
-0.5695
-0.0837
-0.1941
-0.3101
0.5654
-0.2940
0.5269
-0.0010
0.2458
0.0018
0.2077
0.3032
-0.6699
0.0518
0.1614
-0.0284
-0.3063
-0.0938
-0.1412
-0.0639
-0.2053
-0.0775
-0.2183
-0.0149
0.2562
-0.3087
0.5513
0.2281
-0.5568
-0.3161
0.6670
-0.0008
0.3425
-0.0268
0.4459
-0.3160
0.7122
-0.2762
0.6209
-0.0112
-0.2794
-0.2385
0.4646
-0.2422
0.4601
0.0396
-0.3714
0.3341
-0.6426
0.0665
0.2297
-0.0140
-0.2273
-0.0119
-0.1935
0.0365
0.3447
-0.3048
0.6698
-0.2532
0.5397
0.0142
-0.3035
0.3287
-0.6547
0.0626
0.1721
0.0058
0.2652
0.2453
-0.6029
-0.0645
-0.3319
-0.2821
0.3756
0.2882
-0.7851
-0.2401
0.2967
0.0787
-0.0395
0.0271
-0.5591
0.0003
-0.5259
0.0032
-0.5040
0.0912
-0.0786
-0.2602
0.3658
0.2940
-0.7539
-0.2215
0.2155
0.0552
-0.0613
0.0270
-0.0220
-0.2735
0.3028
-0.2701
0.2632
0.0275
-0.0496
-0.0302
0.0924
0.2789
-0.8550
0.0669
-0.1415
-0.0108
-0.6267
-0.0217
-0.6213
0.0216
-0.7290
0.0843
-0.8317
0.0733
-0.2469
-0.2157
0.0495
-0.2666
0.1620
-0.0940
-0.4873
-0.3178
0.2968
0.2501
-0.8658
0.2037
-0.7843
-0.3034
0.2529
-0.0581
-0.5461
-0.2298
0.1205
-0.2402
0.1034
-0.0038
-0.7485
-0.2661
0.1003
0.2539
-0.9156
-0.2674
0.1477
0.0276
-0.1172
-0.0467
-0.5703
0.0225
-0.0906
0.2589
-0.8829
0.0322
-0.1504
0.0358
-0.7371
0.0214
-0.6851
-0.0296
-0.5779
-0.0112
-0.5289
0.0625
-0.1112
-0.2256
0.1330
-0.2293
0.1444
0.0336
-0.0927
0.0042
-0.0199
-0.3067
0.3088
-0.2752
0.2503
0.0314
-0.1190
0.0582
-0.1755
-0.2333
0.0987
-0.2807
0.2301
-0.0735
-0.5161
0.2978
-0.9682
0.0890
-0.1818
0.0603
-0.1654
0.2905
-0.9329
0.0436
-0.7160
-0.2365
0.2192
0.3108
-0.8786
-0.2275
0.2388
0.0352
0.0249
0.0735
-0.1272
0.3078
-0.8767
0.1201
-0.1856
0.0838
-0.1029
-0.2408
0.3186
-0.2426
0.3771
0.0350
0.0970
0.0247
0.1334
0.2522
-0.6966
-0.0294
-0.4232
0.2013
-0.5900
-0.0107
0.1211
0.0528
-0.0243
0.3316
-0.8839
0.0163
0.0548
-0.0132
-0.5447
-0.0040
-0.5238
0.0726
-0.6661
0.0733
-0.6532
0.1117
-0.1378
-0.1373
0.0840
-0.1931
0.2346
0.0033
-0.4311
-0.2625
0.4287
0.2719
-0.6743
0.2802
-0.6964
-0.1984
0.2642
0.0227
-0.4935
-0.2473
0.3959
-0.2229
0.3574
0.0308
0.1251
0.0068
0.1370
-0.2981
0.4498
-0.3016
0.4793
-0.0561
0.2555
-0.0489
0.2369
-0.3488
0.5004
-0.3344
0.4405
0.0118
0.0845
0.0311
0.0352
-0.2192
0.2146
-0.2414
0.2888
0.0187
0.0736
-0.0669
-0.3520
-0.0068
0.1511
0.2406
-0.6252
-0.0454
0.2637
-0.0520
-0.3910
-0.0484
-0.3697
-0.0100
-0.4948
-0.0071
-0.4569
0.0679
0.0055
-0.2368
0.3157
0.2681
-0.6860
-0.2887
0.4142
-0.0821
-0.2999
0.3000
-0.7176
0.0400
0.1303
-0.0018
-0.3868
0.0724
0.0535
-0.2501
0.4030
-0.2835
0.4354
-0.0737
-0.3273
0.2422
-0.6150
0.0343
0.1695
-0.0971
-0.2111
-0.0748
-0.2645
-0.0391
0.2647
-0.3058
0.5595
-0.2742
0.5274
-0.0055
0.2339
0.0338
0.1609
0.2542
-0.5676
-0.0858
-0.1890
0.2472
-0.5632
0.0248
0.2527
0.0228
0.2527
0.2860
-0.5582
0.0263
0.3062
0.0082
-0.3189
0.0184
-0.3051
-0.0248
-0.2421
-0.0590
-0.1464
0.0238
0.2849
-0.2812
0.6719
0.2307
-0.3513
-0.2578
0.6476
0.0283
0.4382
0.0096
0.5257
-0.3024
0.8012
-0.2894
0.7708
-0.0467
-0.0543
-0.2712
0.7093
-0.2540
0.6925
-0.0356
-0.0967
0.3147
-0.4963
0.0668
0.3216
-0.0262
-0.1194
-0.0195
-0.1009
-0.0156
0.4438
-0.2953
0.7051
-0.3033
0.7243
-0.0551
-0.0797
-0.3142
0.7153
0.2468
-0.3641
0.2372
-0.3306
-0.3253
0.7979
-0.0717
-0.0323
-0.3042
0.7533
0.2925
-0.4733
-0.2455
0.6462
-0.0136
-0.1681
0.2523
-0.4212
-0.0486
-0.1219
0.2595
-0.3885
-0.0629
-0.0325
-0.2833
0.7357
-0.2907
0.7507
-0.0697
-0.0617
-0.3212
0.7809
-0.3823
0.8910
-0.0648
0.6037
-0.1231
0.0938
-0.0313
0.5200
-0.3414
0.8499
-0.3133
0.7825
0.0285
0.3808
-0.0035
0.4363
0.2160
-0.3260
-0.0211
0.3885
-0.1019
-0.0581
-0.0480
0.4741
-0.3097
0.7209
-0.3063
0.7152
0.0274
0.3426
-0.0082
0.4051
0.3016
-0.4725
-0.0295
-0.1714
0.2352
-0.4121
-0.0478
-0.1261
-0.3427
0.7901
0.1959
-0.2932
-0.3211
0.7804
0.0104
0.4558
0.0331
0.3873
0.3009
-0.4110
0.0347
0.4279
-0.0855
0.0495
0.0014
0.5163
0.2233
-0.2721
-0.0116
0.5246
-0.0664
0.0222
-0.0482
-0.0295
-0.0257
-0.0636
-0.0164
-0.0777
0.0308
0.3874
-0.2246
0.5911
-0.2299
0.5561
-0.0210
-0.2090
-0.3044
0.6811
0.2651
-0.5062
0.2554
-0.4667
-0.3109
0.6944
-0.0437
-0.1829
-0.2608
0.5528
-0.2105
0.4081
0.0353
0.2514
0.0197
0.3188
-0.2571
0.5934
-0.2585
0.6050
-0.0019
0.4068
-0.0508
-0.0490
0.0531
0.4102
0.2738
-0.3916
0.0603
0.2962
-0.0714
-0.0615
-0.0646
-0.1036
0.0062
-0.2655
-0.0283
-0.1868
0.0654
0.2765
0.3235
-0.5566
0.1251
0.1252
0.0836
0.2421
-0.2349
0.5723
0.2880
-0.4987
0.2558
-0.4483
-0.3229
0.7580
-0.1655
0.1092
-0.3639
0.7901
0.2667
-0.4524
-0.2766
0.6154
-0.0010
0.3936
0.0146
0.3377
0.2840
-0.5637
0.0121
0.3106
-0.0259
0.3528
-0.2642
0.4842
-0.2794
0.5148
-0.0060
-0.3159
0.2801
-0.5832
0.0652
0.1358
0.0936
0.0648
0.3349
-0.7215
-0.0101
-0.2618
-0.2880
0.5803
-0.2571
0.5550
-0.0227
-0.2316
-0.2665
0.5828
0.3503
-0.6353
0.3071
-0.5092
-0.2534
0.6776
-0.0744
-0.0323
-0.2768
0.6361
-0.3029
0.6637
-0.0728
-0.1488
-0.2803
0.5656
0.2684
-0.5544
-0.2494
0.4709
0.0745
0.1684
0.0178
-0.3447
0.0757
0.1708
0.2898
-0.5393
-0.0038
-0.2287
-0.2045
0.4845
0.3418
-0.6489
-0.2422
0.4851
0.0202
0.2753
0.0055
-0.3040
0.0411
0.2769
0.1848
-0.3684
-0.0457
-0.2035
-0.2802
0.5975
0.2215
-0.4498
-0.2468
0.5688
0.0374
0.3140
-0.0386
-0.1210
0.0144
0.3871
0.2484
-0.3599
-0.0092
-0.1512
-0.1874
0.5619
0.3412
-0.4990
-0.1708
0.5986
0.0965
0.3495
0.0264
-0.1754
0.0542
0.3606
0.2892
-0.4086
0.0538
0.3928
-0.0164
-0.1447
-0.0833
-0.0045
-0.0798
0.0525
-0.0618
-0.0162
0.0121
0.4262
0.2769
-0.4543
0.0186
0.4391
-0.0987
-0.0505
-0.0683
-0.1223
-0.1027
-0.0103
-0.0019
0.4191
0.2652
-0.4170
-0.0350
-0.1295
-0.2717
0.6485
-0.2748
0.6798
-0.0100
-0.1945
-0.3027
0.7018
-0.3279
0.7652
-0.0140
0.4364
-0.1135
0.0084
-0.0158
0.3872
-0.3214
0.6714
-0.3236
0.6484
-0.0690
-0.2318
-0.3028
0.5466
-0.3075
0.5376
-0.0175
0.2976
-0.0396
-0.2915
-0.0771
-0.2112
-0.0190
0.2676
0.2226
-0.5582
-0.0116
0.2263
-0.0428
-0.3343
0.0221
-0.4767
-0.0285
-0.3254
-0.0480
-0.2254
-0.0258
0.3710
-0.3054
0.5906
0.2629
-0.5662
-0.2639
0.5029
0.0118
-0.3597
0.3069
-0.6321
0.0474
0.2268
0.0082
-0.2550
0.0810
0.2212
-0.2733
0.6161
-0.2777
0.6459
-0.0611
-0.1464
0.2155
-0.3911
-0.0376
0.4286
-0.0837
-0.1528
-0.0499
-0.1682
0.0235
0.3170
-0.2807
0.6390
-0.2941
0.6835
-0.0491
-0.1138
-0.2735
0.6798
0.2797
-0.4331
0.2681
-0.3920
-0.3120
0.8176
-0.1012
0.0608
-0.3212
0.7846
0.2403
-0.3496
-0.3275
0.7766
-0.0575
0.4955
-0.0406
0.4789
-0.3074
0.6778
-0.3392
0.7173
-0.0866
-0.0347
-0.3253
0.7224
-0.3025
0.6593
0.0081
0.3445
-0.0088
0.3635
0.2126
-0.3790
-0.0406
-0.2109
0.2483
-0.4512
0.0290
0.3019
-0.0065
0.3732
0.2062
-0.3871
0.0088
0.3326
-0.0377
-0.2159
-0.0203
-0.2241
0.0179
-0.2568
0.0069
-0.2647
0.0827
0.1998
-0.2223
0.5180
-0.2986
0.6543
-0.0127
-0.2787
-0.1627
0.3387
-0.1748
0.3958
0.0545
-0.3549
0.3518
-0.6491
0.0444
-0.2920
-0.2151
0.5345
-0.1294
0.4116
0.1049
-0.4059
-0.1777
0.4701
0.3707
-0.6563
0.3683
-0.6786
-0.1364
0.3715
0.1061
-0.4334
-0.1287
0.3577
-0.1650
0.4334
0.0355
-0.2681
-0.1825
0.4602
-0.1771
0.4577
0.0574
-0.3317
0.2984
-0.5433
0.0528
-0.3659
-0.1630
0.3832
-0.1773
0.3416
0.1029
0.0835
0.0597
0.1972
0.2814
-0.5777
-0.0377
-0.2638
0.2229
-0.4283
-0.0167
-0.2206
-0.2074
0.4895
-0.2005
0.5019
-0.0037
-0.2196
-0.2729
0.6301
0.2744
-0.4593
-0.3014
0.7257
0.0495
0.3220
0.0937
0.2372
-0.2185
0.5274
0.2919
-0.5921
-0.2663
0.5067
-0.0440
-0.2925
0.2769
-0.6205
0.0297
0.2318
-0.0439
-0.2758
0.0028
0.2208
-0.2427
0.3832
0.3195
-0.7653
-0.2143
0.3500
0.0845
0.0862
0.0634
0.1138
-0.2301
0.3444
-0.2215
0.3299
0.0852
-0.0138
0.0766
0.0122
0.3157
-0.7424
0.0757
0.0901
-0.0185
-0.3329
-0.0160
-0.3247
0.0240
-0.3694
0.0099
-0.3773
0.0440
0.1719
-0.2506
0.4722
0.2584
-0.5542
-0.3064
0.6042
0.0119
-0.3558
-0.2497
0.4904
0.2732
-0.5649
-0.2786
0.5609
0.0096
-0.3392
-0.1905
0.3557
-0.3039
0.6158
-0.0436
-0.2234
0.2565
-0.5095
0.0533
0.2389
0.0774
0.1761
0.3188
-0.6686
0.0331
-0.3736
-0.2101
0.4368
-0.2161
0.4515
-0.0337
-0.2303
-0.2903
0.5832
-0.3086
0.6387
-0.0001
0.3514
-0.0576
-0.1426
-0.0408
0.4410
-0.3196
0.6568
-0.3368
0.6889
-0.1199
-0.0683
-0.3351
0.6675
-0.3300
0.6295
-0.0476
0.3354
-0.0924
-0.2115
-0.0852
-0.2245
-0.0626
0.3776
0.1958
-0.4474
-0.0572
0.3934
-0.0527
-0.2641
-0.0645
-0.2481
-0.1056
-0.1476
-0.1024
-0.1118
-0.0366
0.3545
-0.3414
0.6414
-0.3075
0.6262
0.0185
0.2666
-0.0337
-0.3128
0.0009
0.2677
0.2590
-0.5589
0.0392
0.2419
0.0240
0.2913
-0.3063
0.6474
-0.2883
0.6335
0.0161
0.3685
0.0058
0.3964
0.2157
-0.3741
-0.1039
-0.0734
0.2530
-0.5256
0.0393
0.2457
0.0360
0.2751
0.3154
-0.5691
0.0423
0.2550
0.0063
-0.3155
-0.0383
-0.2173
0.0219
-0.3275
0.0076
-0.2973
0.0415
0.2972
-0.3275
0.7140
-0.3249
0.7519
-0.0714
-0.0917
-0.3024
0.7079
-0.2714
0.6605
-0.0194
0.4219
-0.0140
-0.2097
0.0975
0.1985
-0.2427
0.5700
-0.2100
0.5562
0.0547
-0.2914
-0.2110
0.5555
0.2787
-0.4204
0.2958
-0.4228
-0.2716
0.7139
-0.0243
-0.1368
-0.2930
0.7102
0.2161
-0.3506
-0.2797
0.6536
0.0527
0.3232
-0.0073
0.4683
-0.3174
0.7900
-0.2566
0.7023
-0.0148
-0.1470
-0.2172
0.5676
0.3537
-0.5954
-0.2141
0.5693
-0.0215
-0.1035
0.2854
-0.4096
0.0550
0.3522
-0.0281
-0.1325
-0.0665
-0.0745
-0.0059
0.4034
0.2386
-0.3900
0.0067
0.3362
-0.0349
-0.1849
-0.0117
-0.2633
-0.0224
-0.2428
-0.0109
-0.3073
0.0433
0.2238
-0.2330
0.4522
-0.1720
0.3218
0.0275
-0.3875
0.3008
-0.6296
0.0431
0.1844
0.0769
0.1179
0.2846
-0.6022
-0.0244
-0.2894
-0.3049
0.5505
-0.3228
0.6002
-0.0338
-0.2987
-0.2353
0.4662
0.3362
-0.7109
-0.2284
0.3968
0.0908
0.0005
-0.0092
-0.4324
0.0667
0.0345
0.2854
-0.6381
0.0624
0.1323
-0.0472
-0.2720
-0.0132
-0.3601
-0.0462
-0.2828
-0.0532
-0.2513
0.0039
0.2706
-0.2488
0.4015
0.3018
-0.6581
-0.2031
0.4101
0.0140
-0.3760
0.2783
-0.6295
0.0212
0.2433
-0.0567
-0.2619
0.0302
0.1588
-0.2580
0.5006
-0.2613
0.4947
-0.0086
-0.2525
0.2686
-0.4933
0.0851
0.1869
0.0716
0.1964
0.3319
-0.6258
0.0063
-0.2995
-0.2371
0.4997
-0.2587
0.5205
-0.0238
-0.2748
-0.2271
0.4499
-0.2315
0.4586
0.0394
-0.3927
0.2913
-0.5647
0.0201
-0.2963
-0.2218
0.4652
-0.2381
0.4970
0.0602
0.2131
0.0170
0.3529
0.2588
-0.5070
0.0135
-0.3498
0.3296
-0.6701
0.0690
0.1686
0.0528
0.2021
0.3324
-0.6567
0.0435
-0.3951
-0.2103
0.4401
-0.2585
0.5389
0.0333
0.2236
0.0043
-0.3436
-0.0160
-0.3304
0.0614
0.1507
0.2978
-0.6509
0.0634
0.1652
0.0064
-0.3355
-0.0245
-0.3007
-0.0177
-0.2952
-0.0504
-0.2184
-0.0144
0.3533
-0.3362
0.7027
-0.3367
0.7497
-0.0817
-0.0742
-0.2892
0.6202
-0.3080
0.6809
-0.0342
0.4201
-0.1052
-0.0812
-0.0466
0.4581
-0.3416
0.7659
-0.3247
0.7092
-0.0345
-0.1834
0.2750
-0.5456
0.0178
0.3012
-0.0183
0.3685
0.2299
-0.4470
-0.0278
-0.1995
-0.2902
0.6536
-0.3228
0.6816
-0.1226
-0.0480
0.1596
-0.2781
-0.1157
-0.0891
-0.3435
0.6340
-0.2927
0.5304
-0.0927
-0.1746
-0.2962
0.5644
-0.3335
0.5694
-0.0369
0.3341
-0.0360
0.3443
0.1769
-0.3760
-0.1068
-0.0595
0.2344
-0.4111
-0.0368
0.4188
-0.0109
0.3676
0.2645
-0.5375
0.0134
0.3203
-0.0541
-0.1483
-0.0520
-0.1094
-0.0405
-0.1245
-0.0222
-0.1450
0.0119
0.4071
-0.3115
0.7240
0.2629
-0.5192
-0.2666
0.5792
-0.0026
-0.2440
0.2945
-0.4802
-0.0292
0.5155
-0.0343
-0.0758
0.0364
0.3610
-0.2309
0.6253
-0.2492
0.6578
0.0381
0.3700
0.0374
0.3301
0.2522
-0.4345
-0.0677
-0.0868
0.2405
-0.3889
-0.0583
-0.0693
-0.2538
0.6773
-0.2945
0.7700
-0.0051
0.5040
-0.0770
0.0362
-0.0521
-0.0190
0.0669
0.3467
0.2748
-0.3685
-0.0178
-0.0547
-0.2161
0.6538
0.3088
-0.4048
-0.2404
0.7436
0.0984
0.3608
0.0282
0.4796
0.2716
-0.3773
0.0242
0.4207
-0.0259
0.4996
-0.3717
0.9326
0.1645
-0.1528
-0.3452
0.9148
-0.0342
0.6114
-0.0111
0.5622
-0.2809
0.8248
-0.2928
0.8179
0.0612
0.3832
0.0723
0.2985
0.2896
-0.4786
0.0129
0.4304
-0.0344
-0.0590
-0.0265
-0.1003
0.0024
-0.1447
0.0051
-0.1555
0.1094
0.2563
-0.2030
0.5355
-0.2124
0.5879
0.0472
-0.2421
0.3810
-0.6018
0.0976
0.2961
0.0637
0.3430
0.2952
-0.4535
-0.0519
-0.0477
-0.3023
0.7917
-0.3350
0.7926
-0.0790
0.0544
-0.3295
0.9017
0.2295
-0.2625
-0.2914
0.8187
-0.0074
0.5082
-0.1248
0.1063
-0.0202
0.6103
0.2059
-0.2535
0.0002
0.4797
-0.0866
0.0331
-0.0788
-0.0396
-0.0955
0.0881
-0.1206
0.1563
-0.0239
0.5769
-0.3648
0.9173
0.2107
-0.2520
-0.2909
0.7461
-0.0125
0.4946
-0.0027
0.4991
0.2741
-0.3671
0.0494
0.3222
0.0166
0.3064
-0.2838
0.6247
-0.3184
0.6870
-0.0202
0.4689
-0.0687
-0.0706
-0.0803
-0.0534
-0.0436
0.4664
0.1797
-0.2815
-0.1007
-0.0503
-0.3224
0.7932
-0.2812
0.7795
-0.0243
-0.0738
0.2715
-0.3347
0.0006
0.4922
0.0244
0.4404
0.2866
-0.4245
0.0220
-0.1733
-0.2894
0.7280
-0.3034
0.6997
-0.0739
-0.0989
-0.2983
0.6634
0.2171
-0.3991
-0.3540
0.7730
-0.0696
0.4888
-0.1445
-0.0701
-0.0519
0.3874
0.2199
-0.4664
-0.0211
-0.2649
-0.2721
0.5426
0.2467
-0.5277
-0.3316
0.6575
0.0527
0.1856
-0.0160
-0.2626
